12 8323200 128 0 0 building 0
3 32640 0 128 0 grass 1
16 8355840 128 128 0 tree 2
1 128 0 0 128 cow 3
4 32768 0 128 128 sheep 4
17 8355968 128 128 128 sky 5
19 12484800 192 0 0 aeroplane 6
10 4194240 64 128 0 water 7
22 12517440 192 128 0 face 8
8 4161728 64 0 128 car 9
20 12484928 192 0 128 bicycle 10
11 4194368 64 128 128 flower 11
23 12517568 192 128 128 sign 12
2 16320 0 64 0 bird 13
14 8339520 128 64 0 book 14
5 48960 0 192 0 chair 15
15 8339648 128 64 128 road 16
6 49088 0 192 128 cat 17
18 8372288 128 192 128 dog 18
9 4177920 64 64 0 body 19
21 12501120 192 64 0 boat 20
0 0 0 0 0 void 21
